0.000000 -6.023970
1.000000 -3.133035
2.000000 -5.505709
3.000000 -0.368682
4.000000 -2.404743
5.000000 -3.676381
6.000000 0.412724
7.000000 7.166296
8.000000 -1.226275
9.000000 1.886155
10.000000 0.243060
11.000000 -1.225276
12.000000 -1.686703
13.000000 -1.396726
14.000000 -9.251303
15.000000 0.385425
16.000000 2.057021
17.000000 0.565454
18.000000 0.438329
19.000000 -0.132626
20.000000 3.176489
21.000000 -3.296573
22.000000 2.437044
23.000000 -3.491696
24.000000 -1.317139
25.000000 -3.805485
26.000000 2.074740
27.000000 0.293707
28.000000 0.162714
29.000000 -1.738198
30.000000 2.221860
31.000000 6.514757
32.000000 -1.080389
33.000000 -1.460275
34.000000 0.793728
35.000000 2.617878
36.000000 2.948642
37.000000 -1.149921
38.000000 -2.602587
39.000000 3.109109
40.000000 3.963330
41.000000 2.566688
42.000000 4.285814
43.000000 -1.384983
44.000000 -3.170109
45.000000 2.572523
46.000000 -4.548882
47.000000 -2.532107
48.000000 -1.244960
49.000000 1.280385
50.000000 0.335210
51.000000 5.529905
52.000000 -1.853377
53.000000 3.276174
54.000000 -4.328027
55.000000 -2.810790
56.000000 3.346656
57.000000 -1.515089
58.000000 2.320741
59.000000 -1.587763
60.000000 0.248059
61.000000 -4.003547
62.000000 2.578763
63.000000 4.194085
64.000000 5.672180
65.000000 -2.786149
66.000000 2.012891
67.000000 1.887294
68.000000 1.745099
69.000000 2.069931
70.000000 -1.202263
71.000000 -0.216315
72.000000 -0.571186
73.000000 1.698341
74.000000 -1.454506
75.000000 4.947592
76.000000 -0.149932
77.000000 -1.837776
78.000000 0.525631
79.000000 -3.848601
80.000000 0.220638
81.000000 0.739286
82.000000 4.043139
83.000000 -6.961463
84.000000 -5.518239
85.000000 1.513258
86.000000 -0.250507
87.000000 -0.371215
88.000000 1.722138
89.000000 -3.171232
90.000000 -0.293607
91.000000 -3.940307
92.000000 -1.288768
93.000000 4.222164
94.000000 1.450094
95.000000 -4.300937
96.000000 5.749918
97.000000 0.929982
98.000000 3.036243
99.000000 6.870722
100.000000 -7.754242
101.000000 -5.982752
102.000000 2.396634
103.000000 0.847053
104.000000 -6.423718
105.000000 1.987686
106.000000 -2.100529
107.000000 -2.862036
108.000000 1.416839
109.000000 0.307412
110.000000 -1.940516
111.000000 -3.608509
112.000000 -0.023334
113.000000 -2.320081
114.000000 -2.866416
115.000000 -0.749542
116.000000 3.027171
117.000000 -0.770852
118.000000 0.366787
119.000000 -1.814733
120.000000 4.320354
121.000000 -1.565855
122.000000 2.963822
123.000000 -2.466241
124.000000 2.709695
125.000000 2.662362
126.000000 -0.737582
127.000000 2.237856
128.000000 -5.610002
129.000000 4.125673
130.000000 6.986307
131.000000 2.574483
132.000000 -4.260265
133.000000 -2.682622
134.000000 5.039706
135.000000 1.368020
136.000000 -3.539296
137.000000 -4.462372
138.000000 -2.163099
139.000000 -2.505206
140.000000 9.780871
141.000000 6.418332
142.000000 -1.412086
143.000000 -5.563972
144.000000 -5.890483
145.000000 -1.738189
146.000000 1.790780
147.000000 2.831918
148.000000 -4.270244
149.000000 5.385623
150.000000 2.843033
151.000000 -3.748971
152.000000 -3.967331
153.000000 1.736343
154.000000 -3.464256
155.000000 -3.796232
156.000000 -3.849990
157.000000 0.872118
158.000000 4.592448
159.000000 2.406857
160.000000 -6.531308
161.000000 -0.957912
162.000000 -3.804388
163.000000 0.728878
164.000000 2.900240
165.000000 -5.942322
166.000000 6.240777
167.000000 2.875540
168.000000 3.441851
169.000000 -1.746799
170.000000 1.904030
171.000000 0.751400
172.000000 2.560071
173.000000 1.040435
174.000000 -3.132424
175.000000 -1.523903
176.000000 4.039353
177.000000 1.240762
178.000000 -4.354469
179.000000 2.401029
180.000000 0.130137
181.000000 5.798703
182.000000 0.329126
183.000000 -4.169249
184.000000 -0.918704
185.000000 -6.902665
186.000000 3.479417
187.000000 0.992483
188.000000 -2.349017
189.000000 1.271194
190.000000 1.048970
191.000000 -9.598679
192.000000 -2.201298
193.000000 1.994941
194.000000 -0.163398
195.000000 1.342422
196.000000 6.301069
197.000000 -0.412252
198.000000 3.658406
199.000000 5.303349
200.000000 1.353647
201.000000 4.437170
202.000000 1.621261
203.000000 -1.781029
204.000000 1.681468
205.000000 4.091136
206.000000 4.835123
207.000000 -2.461700
208.000000 1.087023
209.000000 7.906662
210.000000 -0.587528
211.000000 3.234529
212.000000 3.098804
213.000000 3.313607
214.000000 -2.146012
215.000000 2.581438
216.000000 4.644546
217.000000 3.204496
218.000000 -0.090021
219.000000 0.618082
220.000000 -4.849431
221.000000 -1.901459
222.000000 -2.452330
223.000000 -0.809114
224.000000 1.419977
225.000000 4.897569
226.000000 3.856931
227.000000 0.122188
228.000000 2.192399
229.000000 -1.966199
230.000000 1.942635
231.000000 4.801199
232.000000 5.531181
233.000000 -1.768545
234.000000 -0.184612
235.000000 2.844089
236.000000 -1.562902
237.000000 6.875344
238.000000 1.190046
239.000000 0.143346
240.000000 1.387352
241.000000 6.142138
242.000000 0.686588
243.000000 -0.107382
244.000000 5.549489
245.000000 1.496886
246.000000 5.731487
247.000000 5.263961
248.000000 6.884905
249.000000 -0.465798
250.000000 -6.077157
251.000000 -6.356746
252.000000 -0.768553
253.000000 2.723431
254.000000 -2.407568
255.000000 -2.264726
256.000000 4.229724
257.000000 -0.705810
258.000000 -3.837498
259.000000 -3.715356
260.000000 -5.445836
261.000000 -2.813652
262.000000 -4.740932
263.000000 4.012265
264.000000 -3.340043
265.000000 -1.209347
266.000000 -3.490336
267.000000 -6.876064
268.000000 4.691163
269.000000 -4.339850
270.000000 3.540492
271.000000 -4.885724
272.000000 2.190663
273.000000 4.492001
274.000000 1.168218
275.000000 -1.152441
276.000000 3.536064
277.000000 0.229440
278.000000 -1.560862
279.000000 0.747549
280.000000 1.625608
281.000000 0.042942
282.000000 -3.417917
283.000000 4.152020
284.000000 -2.221812
285.000000 -0.111370
286.000000 5.707077
287.000000 3.158836
288.000000 -1.438655
289.000000 5.511728
290.000000 0.942791
291.000000 2.304430
292.000000 7.619389
293.000000 -2.778206
294.000000 0.097383
295.000000 -0.342959
296.000000 5.532230
297.000000 -2.470492
298.000000 5.152107
299.000000 4.517659
300.000000 -3.400996
301.000000 -3.290766
302.000000 3.178128
303.000000 3.553873
304.000000 2.823413
305.000000 -5.342573
306.000000 1.637160
307.000000 4.911530
308.000000 -0.476964
309.000000 -2.789314
310.000000 -5.001546
311.000000 1.305790
312.000000 -0.635804
313.000000 0.878709
314.000000 0.253382
315.000000 -0.359548
316.000000 -2.031138
317.000000 -0.061774
318.000000 -2.021239
319.000000 -1.931787
320.000000 1.820138
321.000000 0.705063
322.000000 3.180108
323.000000 -3.974900
324.000000 -8.673628
325.000000 -6.539718
326.000000 4.770024
327.000000 0.105006
328.000000 -0.209027
329.000000 1.764842
330.000000 -0.232805
331.000000 -1.496083
332.000000 -1.763295
333.000000 2.000325
334.000000 -7.538627
335.000000 -2.312081
336.000000 -2.496826
337.000000 0.761795
338.000000 0.719367
339.000000 2.164271
340.000000 0.305184
341.000000 -1.500673
342.000000 -2.480575
343.000000 0.800763
344.000000 2.537498
345.000000 1.801236
346.000000 -2.617058
347.000000 -3.071003
348.000000 2.770885
349.000000 -1.930214
350.000000 6.213434
351.000000 -6.242819
352.000000 -4.363189
353.000000 1.276441
354.000000 1.367213
355.000000 1.444313
356.000000 3.428660
357.000000 2.019026
358.000000 -0.449797
359.000000 0.511915
360.000000 0.797333
361.000000 2.972331
362.000000 5.316216
363.000000 4.578084
364.000000 5.672198
365.000000 -2.226476
366.000000 -0.553858
367.000000 7.211223
368.000000 -3.056793
369.000000 -1.922754
370.000000 -2.078397
371.000000 -2.038618
372.000000 -5.083285
373.000000 -2.466733
374.000000 -2.157239
375.000000 0.810234
376.000000 -0.774198
377.000000 0.341252
378.000000 0.316454
379.000000 2.037964
380.000000 1.660243
381.000000 4.509034
382.000000 2.964391
383.000000 -8.106927
384.000000 -3.120815
385.000000 -1.747042
386.000000 -0.615429
387.000000 -2.997411
388.000000 4.504071
389.000000 -2.799742
390.000000 1.361470
391.000000 -7.464787
392.000000 2.068108
393.000000 6.175792
394.000000 -0.635090
395.000000 7.549158
396.000000 0.931105
397.000000 6.001247
398.000000 -0.431283
399.000000 5.188062
400.000000 1.558728
401.000000 -3.438117
402.000000 2.190348
403.000000 -5.366597
404.000000 -5.659770
405.000000 -1.675639
406.000000 1.975398
407.000000 9.759623
408.000000 1.497781
409.000000 3.332804
410.000000 -1.124602
411.000000 3.130687
412.000000 -0.621259
413.000000 -1.765117
414.000000 -0.381094
415.000000 4.359077
416.000000 -4.849778
417.000000 -2.329564
418.000000 1.423251
419.000000 -0.676848
420.000000 3.090342
421.000000 1.396417
422.000000 1.605233
423.000000 0.095454
424.000000 -0.344279
425.000000 -1.356961
426.000000 3.612534
427.000000 5.447181
428.000000 0.027883
429.000000 -3.948933
430.000000 -7.865274
431.000000 -1.308971
432.000000 -3.048812
433.000000 0.346267
434.000000 -4.624813
435.000000 7.607656
436.000000 4.304379
437.000000 1.764353
438.000000 3.559540
439.000000 3.738805
440.000000 3.697592
441.000000 -5.477472
442.000000 -2.383829
443.000000 -0.885766
444.000000 -1.986486
445.000000 5.309953
446.000000 1.148123
447.000000 -1.979656
448.000000 -3.264326
449.000000 1.305347
450.000000 0.177928
451.000000 -3.731882
452.000000 0.385101
453.000000 1.144984
454.000000 4.807181
455.000000 -1.120082
456.000000 5.757452
457.000000 1.681216
458.000000 4.267156
459.000000 5.705277
460.000000 -4.940870
461.000000 -2.489826
462.000000 1.029270
463.000000 -3.717511
464.000000 -0.100760
465.000000 0.227386
466.000000 -4.655113
467.000000 1.327916
468.000000 -3.366168
469.000000 0.371495
470.000000 1.755658
471.000000 3.185724
472.000000 -5.540086
473.000000 -2.846572
474.000000 0.186319
475.000000 -4.621661
476.000000 7.297914
477.000000 1.819531
478.000000 0.302156
479.000000 0.141083
480.000000 -1.652060
481.000000 -2.894293
482.000000 5.235202
483.000000 -2.652503
484.000000 -6.817405
485.000000 -1.491465
486.000000 -0.054735
487.000000 -1.994924
488.000000 -2.840114
489.000000 2.134575
490.000000 1.634192
491.000000 1.452312
492.000000 1.735610
493.000000 3.062308
494.000000 0.533385
495.000000 -5.662385
496.000000 -2.530775
497.000000 5.721021
498.000000 4.376568
499.000000 -2.742001
500.000000 3.412694
501.000000 -4.486526
502.000000 -4.121550
503.000000 -2.499989
504.000000 0.049566
505.000000 -2.542217
506.000000 -2.436561
507.000000 -2.212189
508.000000 3.068596
509.000000 1.541295
510.000000 4.124478
511.000000 -2.698511
512.000000 0.779939
513.000000 1.783800
514.000000 -4.100367
515.000000 3.366711
516.000000 -3.644376
517.000000 0.418105
518.000000 1.338941
519.000000 -1.961398
520.000000 1.779751
521.000000 2.721877
522.000000 4.205717
523.000000 -8.572413
524.000000 0.299998
525.000000 -2.460635
526.000000 -0.591542
527.000000 0.003482
528.000000 6.012106
529.000000 -1.261316
530.000000 1.456210
531.000000 -3.199117
532.000000 -3.653729
533.000000 -0.093214
534.000000 0.601473
535.000000 -3.739123
536.000000 1.489798
537.000000 5.546195
538.000000 4.622083
539.000000 -2.235388
540.000000 -2.862888
541.000000 3.710825
542.000000 -0.419864
543.000000 -0.989052
544.000000 4.827511
545.000000 -3.854352
546.000000 4.769789
547.000000 -5.472169
548.000000 -3.004599
549.000000 6.350680
550.000000 3.030947
551.000000 0.409558
552.000000 -2.072801
553.000000 -1.365378
554.000000 1.672375
555.000000 -0.904050
556.000000 -0.278886
557.000000 -0.413943
558.000000 -0.052624
559.000000 -0.562648
560.000000 1.917382
561.000000 5.180138
562.000000 1.506302
563.000000 -0.612304
564.000000 -2.430692
565.000000 -3.347858
566.000000 3.313094
567.000000 5.714352
568.000000 2.813937
569.000000 -2.092042
570.000000 2.463310
571.000000 -7.722804
572.000000 -3.139866
573.000000 0.283799
574.000000 2.195982
575.000000 -0.660209
576.000000 -1.658325
577.000000 1.445064
578.000000 -1.736775
579.000000 4.027114
580.000000 1.551997
581.000000 0.469514
582.000000 -3.927802
583.000000 1.786424
584.000000 -0.858058
585.000000 2.052796
586.000000 -4.364457
587.000000 0.560717
588.000000 2.809309
589.000000 -0.940431
590.000000 -0.075499
591.000000 7.296136
592.000000 0.428414
593.000000 -1.639192
594.000000 -1.410583
595.000000 -7.983523
596.000000 3.325636
597.000000 -1.638271
598.000000 -3.776846
599.000000 2.698516
600.000000 -3.655839
601.000000 -7.317616
602.000000 4.108144
603.000000 -6.092650
604.000000 -1.531576
605.000000 4.098856
606.000000 5.460299
607.000000 4.584524
608.000000 -0.202400
609.000000 -4.477621
610.000000 6.051591
611.000000 -6.932965
612.000000 4.405858
613.000000 -3.149381
614.000000 4.394536
615.000000 6.157065
616.000000 1.311960
617.000000 1.090232
618.000000 -3.677851
619.000000 -1.958081
620.000000 -0.835414
621.000000 0.873243
622.000000 5.570556
623.000000 0.930274
624.000000 3.687491
625.000000 -5.347648
626.000000 -0.573100
627.000000 -1.757880
628.000000 -5.475461
629.000000 2.998842
630.000000 -6.607158
631.000000 -4.916870
632.000000 8.001367
633.000000 0.025187
634.000000 5.665170
635.000000 0.029064
636.000000 2.964783
637.000000 2.017793
638.000000 -3.560395
639.000000 1.106335
640.000000 -2.722966
641.000000 0.199038
642.000000 -1.060789
643.000000 -4.799775
644.000000 -2.931378
645.000000 2.560964
646.000000 1.709232
647.000000 2.791748
648.000000 0.909047
649.000000 5.537121
650.000000 1.197470
651.000000 -1.749423
652.000000 -0.312139
653.000000 -2.841861
654.000000 -7.271041
655.000000 -0.386366
656.000000 4.047575
657.000000 -1.525103
658.000000 0.383897
659.000000 5.174280
660.000000 -0.606126
661.000000 -0.783275
662.000000 0.981604
663.000000 -2.507034
664.000000 -0.643899
665.000000 1.177092
666.000000 -1.002449
667.000000 -7.238864
668.000000 -3.517089
669.000000 3.148403
670.000000 -6.167466
671.000000 -3.894315
672.000000 3.614300
673.000000 -1.949105
674.000000 3.613558
675.000000 -2.605495
676.000000 0.376522
677.000000 3.210170
678.000000 7.173269
679.000000 -2.011925
680.000000 -0.995044
681.000000 2.370764
682.000000 -2.851984
683.000000 -2.425434
684.000000 -1.333165
685.000000 -4.478610
686.000000 -2.971566
687.000000 1.390870
688.000000 -4.514944
689.000000 -4.121377
690.000000 -0.817579
691.000000 3.811797
692.000000 -0.405935
693.000000 -2.386713
694.000000 -0.319558
695.000000 -2.244786
696.000000 0.572625
697.000000 3.250740
698.000000 0.947898
699.000000 5.975821
700.000000 0.007113
701.000000 -3.095763
702.000000 -0.386548
703.000000 4.119867
704.000000 -6.594390
705.000000 -2.003893
706.000000 -4.726659
707.000000 -7.737489
708.000000 -2.050400
709.000000 -1.395179
710.000000 1.291464
711.000000 0.538819
712.000000 -4.402956
713.000000 6.652468
714.000000 -0.254209
715.000000 1.474521
716.000000 2.008604
717.000000 -4.269489
718.000000 -1.923439
719.000000 1.540128
720.000000 -5.775463
721.000000 4.733622
722.000000 1.152509
723.000000 -1.845039
724.000000 1.011878
725.000000 -0.199337
726.000000 5.707790
727.000000 -3.433451
728.000000 9.365807
729.000000 -4.199760
730.000000 0.406046
731.000000 0.642988
732.000000 0.808022
733.000000 -0.147582
734.000000 -2.883108
735.000000 0.617891
736.000000 -2.363902
737.000000 -5.397624
738.000000 0.598958
739.000000 -0.812519
740.000000 -2.778611
741.000000 -0.317396
742.000000 -10.988483
743.000000 0.103326
744.000000 -2.504388
745.000000 -4.005543
746.000000 4.375275
747.000000 -3.276731
748.000000 -3.634002
749.000000 0.651766
750.000000 -5.534313
751.000000 -2.822257
752.000000 -0.340260
753.000000 2.455531
754.000000 -3.722888
755.000000 -3.130353
756.000000 -4.881673
757.000000 0.579693
758.000000 1.457132
759.000000 -4.213745
760.000000 0.666955
761.000000 0.505482
762.000000 0.998614
763.000000 -2.802276
764.000000 -4.454757
765.000000 -0.919146
766.000000 0.039222
767.000000 -5.219372
768.000000 2.463261
769.000000 8.170927
770.000000 -2.622082
771.000000 3.433473
772.000000 -2.051910
773.000000 3.324151
774.000000 -3.223210
775.000000 1.294429
776.000000 -6.029295
777.000000 -3.374446
778.000000 -8.674205
779.000000 1.585110
780.000000 -5.635634
781.000000 -0.172565
782.000000 -3.668801
783.000000 0.637270
784.000000 3.391718
785.000000 0.850692
786.000000 -1.311557
787.000000 1.574670
788.000000 -2.531456
789.000000 2.673373
790.000000 -4.251095
791.000000 1.769749
792.000000 1.220436
793.000000 2.332723
794.000000 -2.478449
795.000000 1.700208
796.000000 -4.741078
797.000000 -0.072162
798.000000 -2.748890
799.000000 2.572233
800.000000 -2.355917
801.000000 4.320487
802.000000 -0.995841
803.000000 3.959816
804.000000 -4.185736
805.000000 5.221426
806.000000 0.361033
807.000000 -3.503896
808.000000 2.825384
809.000000 2.620160
810.000000 -0.095794
811.000000 1.526921
812.000000 -6.250096
813.000000 4.707480
814.000000 2.799029
815.000000 -1.852169
816.000000 -8.486662
817.000000 3.926649
818.000000 3.655401
819.000000 2.158074
820.000000 1.866340
821.000000 2.322309
822.000000 -4.921052
823.000000 -0.605145
824.000000 -1.126344
825.000000 2.340087
826.000000 5.594110
827.000000 1.935072
828.000000 0.244355
829.000000 0.448630
830.000000 1.891797
831.000000 -1.627939
832.000000 2.252269
833.000000 -1.117345
834.000000 -7.880602
835.000000 5.568564
836.000000 1.760235
837.000000 4.657641
838.000000 1.353322
839.000000 -1.109325
840.000000 2.226698
841.000000 -2.346499
842.000000 4.339016
843.000000 0.962707
844.000000 0.573278
845.000000 3.405549
846.000000 -0.711801
847.000000 -3.133338
848.000000 11.778733
849.000000 -3.240099
850.000000 -0.844055
851.000000 -2.064726
852.000000 2.282718
853.000000 -0.857746
854.000000 2.415677
855.000000 -3.681973
856.000000 0.877831
857.000000 0.068713
858.000000 -0.995924
859.000000 -1.480453
860.000000 -0.920501
861.000000 3.605090
862.000000 7.410223
863.000000 -4.917561
864.000000 -6.579475
865.000000 2.427171
866.000000 2.354566
867.000000 0.941927
868.000000 1.067036
869.000000 2.353333
870.000000 -1.060088
871.000000 -5.570212
872.000000 0.972024
873.000000 3.204414
874.000000 -1.213575
875.000000 0.880279
876.000000 4.676945
877.000000 1.042009
878.000000 6.836841
879.000000 -5.708343
880.000000 2.471238
881.000000 3.891507
882.000000 6.181373
883.000000 -3.729809
884.000000 -4.150153
885.000000 -1.349512
886.000000 -3.720842
887.000000 -0.160702
888.000000 -1.656060
889.000000 -3.520808
890.000000 -0.937275
891.000000 1.314131
892.000000 -2.330400
893.000000 -1.392083
894.000000 0.944844
895.000000 -0.082636
896.000000 -0.764313
897.000000 4.855664
898.000000 3.238352
899.000000 -0.202982
900.000000 -0.660625
901.000000 -3.601673
902.000000 -1.594800
903.000000 0.189398
904.000000 -1.851350
905.000000 3.377080
906.000000 -4.486220
907.000000 -6.068168
908.000000 -4.419341
909.000000 -3.760291
910.000000 -4.533895
911.000000 -0.391598
912.000000 -1.299439
913.000000 -2.117051
914.000000 -1.314503
915.000000 -0.167619
916.000000 8.204758
917.000000 1.165974
918.000000 2.759559
919.000000 1.807185
920.000000 -2.532303
921.000000 -0.160515
922.000000 -1.700258
923.000000 -1.393989
924.000000 -2.081439
925.000000 -0.483609
926.000000 -1.042069
927.000000 -2.006052
928.000000 0.561551
929.000000 -1.184055
930.000000 -0.038990
931.000000 -0.096118
932.000000 3.572988
933.000000 -0.120738
934.000000 -0.327068
935.000000 4.267259
936.000000 1.092535
937.000000 7.474095
938.000000 -1.861425
939.000000 0.100594
940.000000 0.939613
941.000000 2.489236
942.000000 -1.641491
943.000000 -9.390220
944.000000 -4.424712
945.000000 0.854373
946.000000 -3.543155
947.000000 -5.303528
948.000000 1.898933
949.000000 -1.449179
950.000000 -0.285364
951.000000 0.799237
952.000000 -4.320865
953.000000 3.648366
954.000000 -2.415166
955.000000 -0.832676
956.000000 -0.275871
957.000000 1.828956
958.000000 1.223061
959.000000 4.959104
960.000000 3.637797
961.000000 -1.959754
962.000000 4.746144
963.000000 7.917005
964.000000 -2.494205
965.000000 -4.257625
966.000000 1.988469
967.000000 -4.154772
968.000000 -1.111010
969.000000 6.833783
970.000000 2.437138
971.000000 3.486304
972.000000 5.346675
973.000000 -5.837630
974.000000 5.834886
975.000000 1.697690
976.000000 1.776730
977.000000 -2.590125
978.000000 -4.926731
979.000000 0.693742
980.000000 -4.337132
981.000000 -3.856343
982.000000 -0.667118
983.000000 -2.410128
984.000000 0.411206
985.000000 -0.929032
986.000000 -4.952520
987.000000 -1.563741
988.000000 -0.321678
989.000000 2.702409
990.000000 4.676474
991.000000 -2.352551
992.000000 0.130395
993.000000 2.930108
994.000000 4.558999
995.000000 7.388632
996.000000 -2.113012
997.000000 -2.041901
998.000000 2.909835
999.000000 -2.405594
1000.000000 -1.280800
1001.000000 2.990428
1002.000000 -1.895206
1003.000000 -7.243677
1004.000000 0.392763
1005.000000 -2.317935
1006.000000 -0.390201
1007.000000 5.761883
1008.000000 -1.350010
1009.000000 1.427136
1010.000000 4.896584
1011.000000 -0.168977
1012.000000 1.256369
1013.000000 0.715005
1014.000000 2.762329
1015.000000 0.802653
1016.000000 0.163880
1017.000000 2.346958
1018.000000 0.432374
1019.000000 0.233058
1020.000000 3.001300
1021.000000 -0.622479
1022.000000 3.362928
1023.000000 0.014334
1024.000000 1.646532
1025.000000 4.838910
1026.000000 1.581916
1027.000000 5.003878
1028.000000 -1.565316
1029.000000 3.820467
1030.000000 -3.150397
1031.000000 0.118286
1032.000000 4.104143
1033.000000 1.475350
1034.000000 -3.552763
1035.000000 -0.874740
1036.000000 0.617402
1037.000000 1.617483
1038.000000 -0.254196
1039.000000 0.906002
1040.000000 3.188619
1041.000000 4.318018
1042.000000 -4.338511
1043.000000 1.256330
1044.000000 1.822402
1045.000000 2.102052
1046.000000 -1.372096
1047.000000 -4.696864
1048.000000 5.575397
1049.000000 3.497089
1050.000000 1.674855
1051.000000 -2.299880
1052.000000 3.076167
1053.000000 -6.976275
1054.000000 0.277255
1055.000000 4.749629
1056.000000 -0.816616
1057.000000 -0.116694
1058.000000 1.232626
1059.000000 1.674275
1060.000000 -0.778112
1061.000000 -1.420747
1062.000000 0.488985
1063.000000 -2.654703
1064.000000 -5.985930
1065.000000 -3.567036
1066.000000 -7.428805
1067.000000 3.528949
1068.000000 0.348688
1069.000000 8.181450
1070.000000 -2.538807
1071.000000 0.305270
1072.000000 -0.519661
1073.000000 1.033321
1074.000000 -2.268468
1075.000000 1.453376
1076.000000 -0.007463
1077.000000 0.398415
1078.000000 4.975729
1079.000000 -0.384524
1080.000000 -2.897696
1081.000000 -4.703836
1082.000000 -2.612152
1083.000000 4.583325
1084.000000 -2.284187
1085.000000 0.011814
1086.000000 -2.009143
1087.000000 2.451425
1088.000000 -2.604492
1089.000000 -1.808333
1090.000000 3.631829
1091.000000 1.487710
1092.000000 1.562234
1093.000000 -1.907925
1094.000000 2.310639
1095.000000 2.975537
1096.000000 -1.347098
1097.000000 9.115477
1098.000000 -0.128309
1099.000000 -4.327309
1100.000000 -0.947549
1101.000000 0.854354
1102.000000 -1.231727
1103.000000 4.984784
1104.000000 -1.889818
1105.000000 -4.514419
1106.000000 3.108516
1107.000000 2.012588
1108.000000 3.595155
1109.000000 -2.973232
1110.000000 -0.266004
1111.000000 2.290201
1112.000000 -5.297571
1113.000000 3.521180
1114.000000 3.850956
1115.000000 1.912966
1116.000000 0.809058
1117.000000 -0.800815
1118.000000 1.978396
1119.000000 -7.826429
1120.000000 7.655164
1121.000000 -10.340519
1122.000000 2.501868
1123.000000 -0.876477
1124.000000 2.011337
1125.000000 -5.637777
1126.000000 -0.888659
1127.000000 -0.305355
1128.000000 -3.445747
1129.000000 6.064194
1130.000000 1.409465
1131.000000 -6.012434
1132.000000 5.071028
1133.000000 -4.240381
1134.000000 -2.342863
1135.000000 2.660336
1136.000000 -2.352458
1137.000000 0.119623
1138.000000 -3.946117
1139.000000 0.988336
1140.000000 2.221600
1141.000000 4.055872
1142.000000 -1.478105
1143.000000 0.460209
1144.000000 2.513344
1145.000000 -5.038912
1146.000000 6.690038
1147.000000 1.818467
1148.000000 -1.428002
1149.000000 -4.760596
1150.000000 2.960189
1151.000000 -0.101797
1152.000000 -1.855224
1153.000000 -1.775731
1154.000000 -4.212953
1155.000000 3.182566
1156.000000 3.679342
1157.000000 -0.951310
1158.000000 1.219039
1159.000000 -0.726431
1160.000000 -2.483160
1161.000000 4.430740
1162.000000 -0.568222
1163.000000 0.169302
1164.000000 3.192414
1165.000000 3.088587
1166.000000 -3.075645
1167.000000 -3.908060
1168.000000 -1.836531
1169.000000 -3.400080
1170.000000 -1.959790
1171.000000 0.303456
1172.000000 -2.004044
1173.000000 0.858053
1174.000000 -0.032967
1175.000000 -3.171842
1176.000000 0.128665
1177.000000 -5.667026
1178.000000 5.442863
1179.000000 2.152680
1180.000000 3.365955
1181.000000 -0.344093
1182.000000 4.334770
1183.000000 3.251262
1184.000000 -3.496639
1185.000000 0.661841
1186.000000 -8.023134
1187.000000 2.185046
1188.000000 -1.446407
1189.000000 5.631226
1190.000000 -0.626075
1191.000000 2.208258
1192.000000 -4.451157
1193.000000 -2.213181
1194.000000 2.490184
1195.000000 4.049590
1196.000000 -4.495275
1197.000000 4.778640
1198.000000 3.111071
1199.000000 -3.197120
1200.000000 1.030877
1201.000000 2.418702
1202.000000 -2.950517
1203.000000 0.289252
1204.000000 3.568079
1205.000000 1.713471
1206.000000 -1.017773
1207.000000 0.348122
1208.000000 -0.416360
1209.000000 -2.705817
1210.000000 -1.151580
1211.000000 -1.890681
1212.000000 -5.410758
1213.000000 0.044279
1214.000000 1.000050
1215.000000 4.332003
1216.000000 0.944307
1217.000000 -7.101758
1218.000000 -6.166001
1219.000000 5.626026
1220.000000 -4.570347
1221.000000 0.456721
1222.000000 -6.643768
1223.000000 6.266616
1224.000000 1.728019
1225.000000 -7.219165
1226.000000 -2.752729
1227.000000 3.344689
1228.000000 1.123008
1229.000000 -4.369766
1230.000000 -6.478396
1231.000000 0.055068
1232.000000 0.906883
1233.000000 -6.699783
1234.000000 2.507033
1235.000000 -0.993515
1236.000000 3.553699
1237.000000 6.120184
1238.000000 -3.377435
1239.000000 -5.817410
1240.000000 0.191321
1241.000000 2.496715
1242.000000 -7.535440
1243.000000 -1.095270
1244.000000 0.739658
1245.000000 -3.976783
1246.000000 -0.696310
1247.000000 -1.563461
1248.000000 3.517812
1249.000000 0.027756
1250.000000 3.692594
1251.000000 -0.032784
1252.000000 2.300556
1253.000000 1.637347
1254.000000 -0.730793
1255.000000 2.642791
1256.000000 1.154326
1257.000000 -3.977756
1258.000000 -5.461058
1259.000000 -9.082439
1260.000000 -2.418651
1261.000000 -1.632915
1262.000000 0.867214
1263.000000 1.388563
1264.000000 2.665497
1265.000000 1.877829
1266.000000 -1.769195
1267.000000 -3.180625
1268.000000 1.851171
1269.000000 0.091155
1270.000000 3.404547
1271.000000 6.211626
1272.000000 -4.493805
1273.000000 -2.626033
1274.000000 -3.314143
1275.000000 -0.984127
1276.000000 -5.600897
1277.000000 -1.050676
1278.000000 1.763961
1279.000000 -1.835847
1280.000000 -0.237752
1281.000000 2.896122
1282.000000 1.164444
1283.000000 -4.328304
1284.000000 6.689173
1285.000000 6.889678
1286.000000 -2.517953
1287.000000 -3.523014
1288.000000 2.190592
1289.000000 4.319493
1290.000000 -2.269847
1291.000000 1.590664
1292.000000 -0.130480
1293.000000 3.019731
1294.000000 -2.690521
1295.000000 -5.819949
1296.000000 -1.232043
1297.000000 1.224313
1298.000000 -9.925207
1299.000000 1.546105
1300.000000 4.222620
1301.000000 1.617405
1302.000000 0.334377
1303.000000 -4.688750
1304.000000 5.097675
1305.000000 -5.576593
1306.000000 3.801712
1307.000000 2.031936
1308.000000 -2.026869
1309.000000 -0.491492
1310.000000 2.894202
1311.000000 -0.124277
1312.000000 -3.525829
1313.000000 4.001561
1314.000000 0.737913
1315.000000 2.587188
1316.000000 2.280188
1317.000000 7.382056
1318.000000 3.405075
1319.000000 -0.540557
1320.000000 -0.000355
1321.000000 -0.221356
1322.000000 -3.545470
1323.000000 -8.790118
1324.000000 5.321344
1325.000000 -1.142201
1326.000000 6.228762
1327.000000 0.500470
1328.000000 -6.685744
1329.000000 1.993781
1330.000000 -0.997583
1331.000000 -4.117088
1332.000000 3.463191
1333.000000 -5.798465
1334.000000 -1.415664
1335.000000 -3.533472
1336.000000 0.984714
1337.000000 -4.440267
1338.000000 -0.324962
1339.000000 -0.024447
1340.000000 -0.065023
1341.000000 0.476024
1342.000000 1.707582
1343.000000 -0.712864
1344.000000 -2.364915
1345.000000 -5.670239
1346.000000 -1.469061
1347.000000 -0.505685
1348.000000 11.238002
1349.000000 -3.143150
1350.000000 2.151975
1351.000000 2.185893
1352.000000 -1.135225
1353.000000 -0.575660
1354.000000 3.233240
1355.000000 -1.867690
1356.000000 5.405249
1357.000000 2.225359
1358.000000 1.339658
1359.000000 0.115939
1360.000000 -1.222005
1361.000000 -2.442356
1362.000000 0.792580
1363.000000 -2.502165
1364.000000 -0.449176
1365.000000 -1.418669
1366.000000 -6.751451
1367.000000 -0.970465
1368.000000 -0.791917
1369.000000 -0.157579
1370.000000 1.894593
1371.000000 -6.259880
1372.000000 -2.984253
1373.000000 -7.791690
1374.000000 0.660672
1375.000000 -1.383843
1376.000000 2.196555
1377.000000 -1.863835
1378.000000 9.130796
1379.000000 0.913870
1380.000000 -2.189296
1381.000000 0.423054
1382.000000 6.959513
1383.000000 5.059157
1384.000000 4.965559
1385.000000 2.616667
1386.000000 -2.363493
1387.000000 -1.401182
1388.000000 1.199794
1389.000000 0.814131
1390.000000 -4.161599
1391.000000 -4.864759
1392.000000 -1.372802
1393.000000 1.668370
1394.000000 -2.911096
1395.000000 2.756620
1396.000000 -0.838657
1397.000000 0.769904
1398.000000 1.556442
1399.000000 6.727798
1400.000000 6.495947
1401.000000 2.869898
1402.000000 -7.839077
1403.000000 -0.895511
1404.000000 0.683833
1405.000000 -2.096653
1406.000000 -0.028769
1407.000000 -1.391235
1408.000000 -0.605285
1409.000000 3.198666
1410.000000 -7.496855
1411.000000 -0.362567
1412.000000 -2.361984
1413.000000 -0.359872
1414.000000 -3.698955
1415.000000 -5.903063
1416.000000 -3.998567
1417.000000 0.724475
1418.000000 -2.415476
1419.000000 4.724656
1420.000000 -1.000108
1421.000000 2.109076
1422.000000 -0.152847
1423.000000 1.717235
1424.000000 1.465482
1425.000000 -0.372045
1426.000000 -2.702852
1427.000000 3.963521
1428.000000 3.989798
1429.000000 -2.656360
1430.000000 1.468011
1431.000000 -5.922789
1432.000000 2.122114
1433.000000 3.824686
1434.000000 2.883428
1435.000000 4.318175
1436.000000 -3.566747
1437.000000 -2.099056
1438.000000 2.332577
1439.000000 2.049313
1440.000000 3.017513
1441.000000 -2.162340
1442.000000 1.359469
1443.000000 -7.216895
1444.000000 -2.078177
1445.000000 3.284731
1446.000000 -2.590162
1447.000000 1.937061
1448.000000 -5.646201
1449.000000 0.451097
1450.000000 0.294066
1451.000000 -4.061607
1452.000000 -9.158993
1453.000000 -1.152716
1454.000000 0.261598
1455.000000 -0.835989
1456.000000 6.499804
1457.000000 -1.054307
1458.000000 -2.215202
1459.000000 2.162019
1460.000000 -2.635900
1461.000000 -4.755025
1462.000000 1.450603
1463.000000 1.146933
1464.000000 2.119546
1465.000000 -3.460664
1466.000000 0.470283
1467.000000 -1.189235
1468.000000 -4.793251
1469.000000 0.595464
1470.000000 2.503395
1471.000000 -2.761197
1472.000000 3.174413
1473.000000 -4.386671
1474.000000 1.472900
1475.000000 3.684042
1476.000000 -0.538073
1477.000000 7.439532
1478.000000 1.189852
1479.000000 6.036992
1480.000000 -2.880657
1481.000000 -4.110474
1482.000000 1.500957
1483.000000 9.356754
1484.000000 -0.342177
1485.000000 1.314250
1486.000000 2.004157
1487.000000 -4.468753
1488.000000 -0.880444
1489.000000 -6.366287
1490.000000 -9.818353
1491.000000 -3.144469
1492.000000 7.295826
1493.000000 -5.055668
1494.000000 4.318121
1495.000000 1.142968
1496.000000 -3.398873
1497.000000 -2.195655
1498.000000 0.809562
1499.000000 -1.548004
1500.000000 0.075192
1501.000000 -2.404939
1502.000000 -2.407202
1503.000000 4.129482
1504.000000 -3.264749
1505.000000 -4.199693
1506.000000 0.810625
1507.000000 -1.103397
1508.000000 5.099989
1509.000000 2.743009
1510.000000 1.737913
1511.000000 2.848561
1512.000000 2.213692
1513.000000 6.586018
1514.000000 -1.785572
1515.000000 1.572350
1516.000000 -2.313336
1517.000000 3.870135
1518.000000 -4.343956
1519.000000 -0.737729
1520.000000 -0.863982
1521.000000 4.043702
1522.000000 -8.534591
1523.000000 -2.596060
1524.000000 3.085403
1525.000000 0.027026
1526.000000 1.095210
1527.000000 -5.470713
1528.000000 0.601925
1529.000000 0.650701
1530.000000 -9.022675
1531.000000 -3.251375
1532.000000 -0.205711
1533.000000 0.537095
1534.000000 -3.926510
1535.000000 -2.052055
1536.000000 -1.651281
1537.000000 -6.493206
1538.000000 -2.399643
1539.000000 4.416225
1540.000000 -1.240321
1541.000000 2.086862
1542.000000 2.895001
1543.000000 4.534720
1544.000000 -4.459923
1545.000000 -0.634843
1546.000000 1.741709
1547.000000 0.081238
1548.000000 0.912725
1549.000000 -2.511034
1550.000000 -1.493119
1551.000000 6.444335
1552.000000 2.572030
1553.000000 -0.467313
1554.000000 5.674719
1555.000000 0.152998
1556.000000 1.288450
1557.000000 -6.031052
1558.000000 -4.724055
1559.000000 4.217952
1560.000000 -4.426599
1561.000000 -3.504851
1562.000000 2.259313
1563.000000 5.677223
1564.000000 -3.339667
1565.000000 -1.249111
1566.000000 1.718529
1567.000000 -4.422313
1568.000000 -2.467922
1569.000000 5.441261
1570.000000 -5.707624
1571.000000 -0.028779
1572.000000 5.159653
1573.000000 0.190884
1574.000000 -0.644532
1575.000000 4.022396
1576.000000 -1.028370
1577.000000 4.888775
1578.000000 -0.627192
1579.000000 6.235921
1580.000000 -8.125278
1581.000000 8.369409
1582.000000 3.342362
1583.000000 -0.476161
1584.000000 -3.858226
1585.000000 0.152093
1586.000000 3.446722
1587.000000 2.594883
1588.000000 -0.402300
1589.000000 4.122692
1590.000000 6.644348
1591.000000 1.584207
1592.000000 4.214250
1593.000000 3.477937
1594.000000 2.206601
1595.000000 -3.805155
1596.000000 2.022988
1597.000000 -5.922571
1598.000000 -3.458383
1599.000000 4.917254
1600.000000 -4.680904
1601.000000 -2.647053
1602.000000 -1.157258
1603.000000 -0.004919
1604.000000 2.885799
1605.000000 -0.687341
1606.000000 1.899089
1607.000000 6.356748
1608.000000 -1.223788
1609.000000 -2.649622
1610.000000 -4.173522
1611.000000 -0.332160
1612.000000 7.660198
1613.000000 1.185039
1614.000000 -2.072958
1615.000000 0.636585
1616.000000 4.136483
1617.000000 -0.026555
1618.000000 5.018089
1619.000000 -1.046239
1620.000000 -5.370677
1621.000000 0.149540
1622.000000 -3.518692
1623.000000 1.671195
1624.000000 0.065308
1625.000000 -0.636681
1626.000000 3.840770
1627.000000 0.294633
1628.000000 -0.869421
1629.000000 0.321214
1630.000000 -6.860915
1631.000000 4.215909
1632.000000 1.796811
1633.000000 2.965851
1634.000000 -0.519187
1635.000000 1.372956
1636.000000 0.454665
1637.000000 -3.619756
1638.000000 1.818409
1639.000000 5.654448
1640.000000 -0.681023
1641.000000 -2.707614
1642.000000 5.428714
1643.000000 -2.438694
1644.000000 -4.049904
1645.000000 -0.593177
1646.000000 -6.601070
1647.000000 6.030022
1648.000000 0.932365
1649.000000 -1.885010
1650.000000 -2.838534
1651.000000 -1.609172
1652.000000 0.979138
1653.000000 2.843514
1654.000000 5.959758
1655.000000 -4.949859
1656.000000 -0.611975
1657.000000 2.607979
1658.000000 -2.875880
1659.000000 -0.570869
1660.000000 -0.834144
1661.000000 -0.914586
1662.000000 0.906733
1663.000000 3.668811
1664.000000 2.001372
1665.000000 1.945377
1666.000000 1.696911
1667.000000 0.557040
1668.000000 1.356300
1669.000000 -1.140608
1670.000000 -3.608433
1671.000000 0.116966
1672.000000 -5.109872
1673.000000 2.986124
1674.000000 0.529326
1675.000000 4.878347
1676.000000 3.978960
1677.000000 -0.382987
1678.000000 2.220234
1679.000000 1.371307
1680.000000 -4.692723
1681.000000 2.321113
1682.000000 4.975302
1683.000000 4.127645
1684.000000 3.555185
1685.000000 -4.350631
1686.000000 -3.529711
1687.000000 2.491908
1688.000000 -1.800716
1689.000000 0.742122
1690.000000 -0.568353
1691.000000 1.600238
1692.000000 6.015028
1693.000000 -4.843622
1694.000000 6.347469
1695.000000 -3.422629
1696.000000 -2.889740
1697.000000 -1.714594
1698.000000 -6.182678
1699.000000 8.086853
1700.000000 -2.835051
1701.000000 -1.423732
1702.000000 -0.189413
1703.000000 -3.660077
1704.000000 1.521216
1705.000000 -2.666775
1706.000000 0.094075
1707.000000 2.056208
1708.000000 1.470379
1709.000000 0.864331
1710.000000 1.890881
1711.000000 1.641135
1712.000000 -1.836739
1713.000000 -0.295535
1714.000000 -4.052119
1715.000000 5.853513
1716.000000 3.956411
1717.000000 -5.625834
1718.000000 -0.384954
1719.000000 -1.924492
1720.000000 6.238389
1721.000000 -3.564064
1722.000000 -0.846423
1723.000000 1.133049
1724.000000 2.452213
1725.000000 -4.348302
1726.000000 -2.039005
1727.000000 3.196402
1728.000000 2.000371
1729.000000 -0.378812
1730.000000 2.394740
1731.000000 2.190045
1732.000000 -7.018126
1733.000000 0.802410
1734.000000 2.772271
1735.000000 -3.925630
1736.000000 -1.580611
1737.000000 -3.566114
1738.000000 6.178525
1739.000000 -0.242272
1740.000000 -7.993573
1741.000000 -0.319802
1742.000000 1.852511
1743.000000 -5.106798
1744.000000 0.936601
1745.000000 -3.432435
1746.000000 -6.213844
1747.000000 5.810102
1748.000000 -7.282087
1749.000000 0.484487
1750.000000 0.536167
1751.000000 0.208477
1752.000000 -4.252110
1753.000000 -8.761369
1754.000000 4.392986
1755.000000 -0.179349
1756.000000 3.497129
1757.000000 2.432195
1758.000000 -1.168389
1759.000000 -1.382352
1760.000000 0.791749
1761.000000 -1.413020
1762.000000 3.069955
1763.000000 3.498406
1764.000000 6.043659
1765.000000 -0.829646
1766.000000 2.222973
1767.000000 4.554121
1768.000000 0.678111
1769.000000 0.802100
1770.000000 1.709322
1771.000000 -2.647587
1772.000000 -1.716946
1773.000000 -1.781918
1774.000000 -2.621978
1775.000000 1.848611
1776.000000 6.090347
1777.000000 0.010018
1778.000000 -1.416146
1779.000000 -1.978255
1780.000000 4.075111
1781.000000 -0.934195
1782.000000 3.803188
1783.000000 -1.134963
1784.000000 -1.346243
1785.000000 2.512247
1786.000000 0.335517
1787.000000 5.350272
1788.000000 -4.096035
1789.000000 -5.834027
1790.000000 -5.572982
1791.000000 3.865967
1792.000000 -3.185588
1793.000000 2.382462
1794.000000 1.494306
1795.000000 2.636290
1796.000000 1.628986
1797.000000 1.531493
1798.000000 -3.289768
1799.000000 -2.195019
1800.000000 -6.633744
1801.000000 1.005953
1802.000000 1.067464
1803.000000 2.886131
1804.000000 0.678392
1805.000000 4.298469
1806.000000 -5.236310
1807.000000 -2.555369
1808.000000 -1.656241
1809.000000 -3.496869
1810.000000 -0.591660
1811.000000 3.034476
1812.000000 -0.066955
1813.000000 -7.314789
1814.000000 -0.060114
1815.000000 -0.671232
1816.000000 4.547783
1817.000000 -3.324890
1818.000000 3.449676
1819.000000 4.284845
1820.000000 -0.031952
1821.000000 2.657030
1822.000000 -1.032596
1823.000000 -2.144210
1824.000000 0.705591
1825.000000 -6.594951
1826.000000 4.832926
1827.000000 1.354278
1828.000000 -0.924235
1829.000000 -0.739988
1830.000000 -2.855487
1831.000000 3.038525
1832.000000 -2.546454
1833.000000 2.213216
1834.000000 3.265676
1835.000000 -2.201916
1836.000000 0.973453
1837.000000 -3.283554
1838.000000 -3.783808
1839.000000 -4.157840
1840.000000 -3.238380
1841.000000 -4.707412
1842.000000 -2.787563
1843.000000 0.592356
1844.000000 1.377074
1845.000000 1.439815
1846.000000 0.615742
1847.000000 1.590995
1848.000000 -3.434083
1849.000000 3.097594
1850.000000 -4.196243
1851.000000 2.778908
1852.000000 0.281229
1853.000000 -4.529228
1854.000000 0.961355
1855.000000 1.398233
1856.000000 7.301809
1857.000000 0.261997
1858.000000 2.965272
1859.000000 -4.429030
1860.000000 -0.764286
1861.000000 2.394581
1862.000000 -2.254526
1863.000000 3.293120
1864.000000 -0.804036
1865.000000 -2.921746
1866.000000 0.646125
1867.000000 1.681072
1868.000000 1.394169
1869.000000 -2.299601
1870.000000 1.812759
1871.000000 -2.531786
1872.000000 2.454252
1873.000000 0.352128
1874.000000 2.386683
1875.000000 -0.833731
1876.000000 1.036238
1877.000000 -0.119035
1878.000000 6.011549
1879.000000 -3.450166
1880.000000 8.178598
1881.000000 -2.505110
1882.000000 -1.219348
1883.000000 -1.867514
1884.000000 -13.813710
1885.000000 -5.065479
1886.000000 0.938584
1887.000000 1.080340
1888.000000 2.531373
1889.000000 -5.816620
1890.000000 -0.689595
1891.000000 -0.454706
1892.000000 0.653287
1893.000000 -2.620126
1894.000000 0.104039
1895.000000 3.670357
1896.000000 -2.606854
1897.000000 1.165367
1898.000000 1.777623
1899.000000 -3.517729
1900.000000 4.514225
1901.000000 -6.787304
1902.000000 -3.014923
1903.000000 1.878410
1904.000000 1.418025
1905.000000 3.576976
1906.000000 0.167755
1907.000000 2.401489
1908.000000 1.137831
1909.000000 8.619869
1910.000000 -2.753842
1911.000000 2.321402
1912.000000 -2.129874
1913.000000 3.270092
1914.000000 -1.967224
1915.000000 1.454895
1916.000000 -1.001208
1917.000000 -3.816220
1918.000000 4.259201
1919.000000 6.624455
1920.000000 2.971653
1921.000000 -4.128102
1922.000000 -3.948184
1923.000000 3.777002
1924.000000 -3.201552
1925.000000 7.563978
1926.000000 1.662577
1927.000000 1.597070
1928.000000 3.138093
1929.000000 -4.598400
1930.000000 -2.999101
1931.000000 6.127375
1932.000000 0.689089
1933.000000 0.675097
1934.000000 2.834371
1935.000000 -4.827909
1936.000000 -3.511857
1937.000000 -2.606049
1938.000000 2.367403
1939.000000 4.561317
1940.000000 1.743688
1941.000000 2.347561
1942.000000 -6.646072
1943.000000 5.204473
1944.000000 1.485686
1945.000000 2.050397
1946.000000 -1.321740
1947.000000 3.086195
1948.000000 3.565196
1949.000000 -0.732127
1950.000000 10.399962
1951.000000 2.974836
1952.000000 2.014251
1953.000000 2.922454
1954.000000 -5.733718
1955.000000 1.631240
1956.000000 -1.119038
1957.000000 1.530972
1958.000000 4.073814
1959.000000 -0.164497
1960.000000 0.361086
1961.000000 -1.184543
1962.000000 1.558078
1963.000000 -1.075611
1964.000000 5.962644
1965.000000 -4.322807
1966.000000 5.763218
1967.000000 2.090077
1968.000000 1.981243
1969.000000 -1.766855
1970.000000 -2.804384
1971.000000 -2.988372
1972.000000 0.358797
1973.000000 3.679247
1974.000000 -2.430647
1975.000000 3.925960
1976.000000 -0.012581
1977.000000 0.773249
1978.000000 1.865967
1979.000000 -2.864146
1980.000000 3.474285
1981.000000 -5.190469
1982.000000 1.743482
1983.000000 -0.613132
1984.000000 4.332724
1985.000000 2.698095
1986.000000 -2.300294
1987.000000 -2.467587
1988.000000 0.137959
1989.000000 -2.047983
1990.000000 -1.818674
1991.000000 4.623586
1992.000000 -2.807150
1993.000000 -2.959854
1994.000000 7.356337
1995.000000 3.456347
1996.000000 -5.000949
1997.000000 -4.476965
1998.000000 -0.675034
1999.000000 3.754597
2000.000000 3.255128
2001.000000 1.156987
2002.000000 2.165297
2003.000000 1.279495
2004.000000 -9.657914
2005.000000 -1.594499
2006.000000 -2.588873
2007.000000 3.484910
2008.000000 5.122715
2009.000000 2.756860
2010.000000 2.328475
2011.000000 -0.548411
2012.000000 -0.086287
2013.000000 1.113650
2014.000000 -2.347734
2015.000000 1.237799
2016.000000 -8.590491
2017.000000 -1.217962
2018.000000 1.392825
2019.000000 3.417570
2020.000000 2.772577
2021.000000 2.213276
2022.000000 6.874901
2023.000000 2.700231
2024.000000 0.190444
2025.000000 -3.214020
2026.000000 -4.667897
2027.000000 3.427929
2028.000000 -0.063597
2029.000000 1.467343
2030.000000 1.573826
2031.000000 1.987696
2032.000000 2.790844
2033.000000 -2.048790
2034.000000 1.781173
2035.000000 1.331856
2036.000000 -0.091598
2037.000000 4.529325
2038.000000 5.062890
2039.000000 2.799806
2040.000000 -3.685335
2041.000000 4.810616
2042.000000 0.644254
2043.000000 0.455501
2044.000000 2.922563
2045.000000 -4.333176
2046.000000 -1.474543
2047.000000 -0.822188
