0.000000 1.199040
1.000000 0.403795
2.000000 0.230750
3.000000 -0.141581
4.000000 0.640515
5.000000 0.413151
6.000000 0.256140
7.000000 -0.563248
8.000000 0.378404
9.000000 -0.337278
10.000000 0.839421
11.000000 -0.031795
12.000000 0.044695
13.000000 0.862109
14.000000 0.631265
15.000000 0.646222
16.000000 1.127917
17.000000 -0.694867
18.000000 -0.823387
19.000000 0.512227
20.000000 -0.405674
21.000000 0.076725
22.000000 -0.168534
23.000000 0.253396
24.000000 -0.519824
25.000000 -1.002262
26.000000 -0.169527
27.000000 -0.188558
28.000000 1.780792
29.000000 -0.388101
30.000000 -1.936977
31.000000 0.140862
32.000000 1.257308
33.000000 -0.198252
34.000000 1.539212
35.000000 0.708820
36.000000 -1.272140
37.000000 0.549557
38.000000 0.658003
39.000000 0.409965
40.000000 -1.252908
41.000000 1.166603
42.000000 -1.986706
43.000000 -0.234302
44.000000 -1.743261
45.000000 0.917597
46.000000 0.521752
47.000000 0.932708
48.000000 0.363917
49.000000 -0.215728
50.000000 2.488982
51.000000 -1.580837
52.000000 -0.590658
53.000000 0.504678
54.000000 1.345912
55.000000 1.397840
56.000000 -0.225703
57.000000 -0.476165
58.000000 1.403266
59.000000 -0.848411
60.000000 -0.610528
61.000000 0.522136
62.000000 0.444496
63.000000 0.838358
64.000000 0.394628
65.000000 1.300271
66.000000 0.489801
67.000000 -0.024527
68.000000 -1.347105
69.000000 0.702355
70.000000 -0.613170
71.000000 -0.432839
72.000000 -0.180175
73.000000 -0.302747
74.000000 -0.925986
75.000000 -0.422751
76.000000 0.250185
77.000000 -0.455017
78.000000 0.879712
79.000000 0.324977
80.000000 0.946271
81.000000 1.458061
82.000000 -0.402786
83.000000 -0.407909
84.000000 0.570471
85.000000 -0.102631
86.000000 -1.494320
87.000000 0.868144
88.000000 -0.930324
89.000000 -1.055673
90.000000 2.020481
91.000000 0.752302
92.000000 1.176645
93.000000 1.699046
94.000000 -0.052118
95.000000 -0.970898
96.000000 0.224460
97.000000 0.132436
98.000000 -0.916318
99.000000 -0.603325
100.000000 0.032349
101.000000 0.010659
102.000000 1.567974
103.000000 0.997617
104.000000 0.887881
105.000000 -0.416184
106.000000 0.194344
107.000000 -1.080216
108.000000 -0.192159
109.000000 -1.840267
110.000000 0.429455
111.000000 0.812667
112.000000 -0.954025
113.000000 0.994757
114.000000 0.709506
115.000000 -0.398707
116.000000 0.038710
117.000000 -0.375003
118.000000 -0.460479
119.000000 1.026314
120.000000 0.316669
121.000000 -0.064800
122.000000 0.139912
123.000000 1.078794
124.000000 0.614395
125.000000 0.577328
126.000000 -0.292702
127.000000 0.832172
128.000000 -0.396459
129.000000 0.801614
130.000000 0.114168
131.000000 -0.365817
132.000000 0.221638
133.000000 -0.775972
134.000000 -0.272456
135.000000 0.070342
136.000000 -1.711595
137.000000 -0.131253
138.000000 -0.520593
139.000000 -0.485325
140.000000 0.199523
141.000000 -0.127373
142.000000 0.949924
143.000000 -1.992259
144.000000 1.035248
145.000000 -1.405669
146.000000 0.390568
147.000000 0.106849
148.000000 2.074283
149.000000 0.071309
150.000000 0.240491
151.000000 1.207222
152.000000 -0.869208
153.000000 1.038008
154.000000 0.311583
155.000000 -2.616471
156.000000 -0.399247
157.000000 -1.458647
158.000000 -0.779337
159.000000 -0.780171
160.000000 2.493624
161.000000 -0.667268
162.000000 -1.586606
163.000000 -0.649599
164.000000 0.680675
165.000000 0.567963
166.000000 1.039713
167.000000 -0.284061
168.000000 -0.210146
169.000000 1.257425
170.000000 -0.095555
171.000000 -0.251849
172.000000 -0.026271
173.000000 0.417210
174.000000 -1.546441
175.000000 -0.450891
176.000000 0.147259
177.000000 0.176099
178.000000 -0.782936
179.000000 -0.439093
180.000000 0.650678
181.000000 0.134816
182.000000 -0.046012
183.000000 0.202416
184.000000 0.182355
185.000000 0.793021
186.000000 1.068189
187.000000 1.552859
188.000000 -0.487426
189.000000 -0.009952
190.000000 -0.233557
191.000000 0.584431
192.000000 0.607996
193.000000 -0.451248
194.000000 -0.860375
195.000000 -0.371337
196.000000 -2.130711
197.000000 0.697281
198.000000 0.611390
199.000000 1.089848
200.000000 0.301306
201.000000 1.055288
202.000000 0.401722
203.000000 -2.640243
204.000000 -0.219903
205.000000 -0.629689
206.000000 2.428959
207.000000 1.031774
208.000000 0.729771
209.000000 0.918019
210.000000 -0.333419
211.000000 -0.838792
212.000000 -0.015883
213.000000 1.504475
214.000000 -1.658021
215.000000 1.223624
216.000000 0.143684
217.000000 1.226108
218.000000 -0.810705
219.000000 0.339662
220.000000 -0.015243
221.000000 -2.316062
222.000000 -0.170652
223.000000 0.136870
224.000000 -0.186041
225.000000 -1.145320
226.000000 -0.835267
227.000000 -0.228328
228.000000 0.452974
229.000000 -0.194891
230.000000 -0.048898
231.000000 -1.606090
232.000000 1.730877
233.000000 1.440867
234.000000 -0.491217
235.000000 1.336666
236.000000 2.035039
237.000000 0.074721
238.000000 -3.291707
239.000000 1.607326
240.000000 -0.632869
241.000000 -0.119239
242.000000 1.168104
243.000000 0.532735
244.000000 -0.286174
245.000000 1.331663
246.000000 -0.712758
247.000000 -1.297992
248.000000 -0.672846
249.000000 -2.729978
250.000000 0.829435
251.000000 -0.651556
252.000000 -0.503404
253.000000 -0.479831
254.000000 0.593595
255.000000 -0.893497
256.000000 -0.290502
257.000000 -1.566157
258.000000 0.422091
259.000000 1.066038
260.000000 -0.180153
261.000000 -1.556342
262.000000 0.113700
263.000000 -1.465712
264.000000 1.107092
265.000000 1.082802
266.000000 0.077388
267.000000 -0.060362
268.000000 1.290838
269.000000 -2.302090
270.000000 0.230382
271.000000 -0.441706
272.000000 0.151374
273.000000 1.607899
274.000000 1.045285
275.000000 -0.544330
276.000000 1.324776
277.000000 -0.615604
278.000000 -0.389967
279.000000 0.022762
280.000000 0.262892
281.000000 0.851152
282.000000 -1.505521
283.000000 -0.438944
284.000000 -0.857299
285.000000 0.837364
286.000000 -0.851356
287.000000 -0.230525
288.000000 -1.258672
289.000000 -1.843831
290.000000 -1.278521
291.000000 -0.718463
292.000000 0.254532
293.000000 0.687275
294.000000 0.723186
295.000000 0.033569
296.000000 0.814403
297.000000 -1.352363
298.000000 -0.284346
299.000000 -0.565535
300.000000 -1.466675
301.000000 -0.774352
302.000000 -0.223776
303.000000 1.218126
304.000000 -0.201078
305.000000 0.540636
306.000000 -0.260040
307.000000 0.132648
308.000000 -0.149029
309.000000 -1.957492
310.000000 -1.496996
311.000000 -2.290098
312.000000 -1.013675
313.000000 -0.448206
314.000000 -0.027221
315.000000 -0.370654
316.000000 -0.434310
317.000000 1.558060
318.000000 1.076745
319.000000 1.245847
320.000000 -0.545804
321.000000 0.284856
322.000000 0.604612
323.000000 -0.343169
324.000000 -0.365706
325.000000 0.436636
326.000000 -0.411979
327.000000 -0.115281
328.000000 1.708607
329.000000 -2.230183
330.000000 0.631513
331.000000 -1.273235
332.000000 0.383525
333.000000 -1.637055
334.000000 -0.399424
335.000000 -0.071656
336.000000 0.931574
337.000000 1.532250
338.000000 1.252965
339.000000 0.583934
340.000000 0.853743
341.000000 -0.773441
342.000000 0.360407
343.000000 0.342906
344.000000 1.032277
345.000000 0.910154
346.000000 0.649898
347.000000 -0.268548
348.000000 0.548813
349.000000 0.239744
350.000000 0.371494
351.000000 -0.778120
352.000000 1.517088
353.000000 -0.340488
354.000000 0.104714
355.000000 0.067535
356.000000 0.556570
357.000000 0.410336
358.000000 0.266561
359.000000 2.368472
360.000000 -0.582811
361.000000 -0.796742
362.000000 -1.234395
363.000000 -1.351720
364.000000 0.313833
365.000000 0.125696
366.000000 0.473686
367.000000 -0.649181
368.000000 -0.766225
369.000000 -0.378518
370.000000 2.074697
371.000000 -0.952807
372.000000 2.337188
373.000000 0.728767
374.000000 0.016995
375.000000 -0.031619
376.000000 -1.203129
377.000000 -0.033844
378.000000 -0.058791
379.000000 0.236568
380.000000 1.323502
381.000000 0.848706
382.000000 -0.225908
383.000000 -1.414047
384.000000 0.828845
385.000000 -0.644028
386.000000 -0.605757
387.000000 -0.270345
388.000000 0.385400
389.000000 0.454925
390.000000 1.013044
391.000000 0.390732
392.000000 -1.961490
393.000000 1.116213
394.000000 -0.623577
395.000000 -0.949419
396.000000 -1.256502
397.000000 0.442227
398.000000 -0.364309
399.000000 0.630536
400.000000 -0.301869
401.000000 -1.005502
402.000000 0.533552
403.000000 -0.072722
404.000000 1.608101
405.000000 -0.264698
406.000000 0.452376
407.000000 -0.106915
408.000000 -0.915485
409.000000 0.399982
410.000000 -0.525553
411.000000 0.595813
412.000000 -1.471129
413.000000 0.226373
414.000000 -0.381259
415.000000 0.234514
416.000000 -1.398032
417.000000 0.973133
418.000000 0.809866
419.000000 -1.483089
420.000000 0.873030
421.000000 0.670402
422.000000 -0.498595
423.000000 0.900896
424.000000 1.576641
425.000000 -1.682432
426.000000 -0.551322
427.000000 0.074566
428.000000 -1.086349
429.000000 -0.050828
430.000000 -0.555360
431.000000 0.981650
432.000000 1.446529
433.000000 -1.091293
434.000000 1.151587
435.000000 0.747572
436.000000 1.536968
437.000000 2.053458
438.000000 -0.058387
439.000000 0.548663
440.000000 0.566846
441.000000 -0.818566
442.000000 1.720165
443.000000 -0.568300
444.000000 -0.032808
445.000000 -0.316133
446.000000 -1.578114
447.000000 0.869455
448.000000 0.019991
449.000000 1.162599
450.000000 1.129633
451.000000 0.306847
452.000000 0.636972
453.000000 0.568216
454.000000 -1.007635
455.000000 0.335424
456.000000 -1.214256
457.000000 1.495013
458.000000 -0.421814
459.000000 -1.634477
460.000000 0.619503
461.000000 -0.297894
462.000000 0.844176
463.000000 -0.366842
464.000000 1.548368
465.000000 1.030289
466.000000 0.334802
467.000000 -0.608492
468.000000 -0.881187
469.000000 1.340755
470.000000 0.026489
471.000000 0.156892
472.000000 1.158629
473.000000 1.530574
474.000000 -0.415815
475.000000 -0.590089
476.000000 1.056577
477.000000 -0.200563
478.000000 -0.826415
479.000000 -1.388426
480.000000 -1.451857
481.000000 0.922092
482.000000 1.457750
483.000000 0.330399
484.000000 0.234610
485.000000 -0.413508
486.000000 0.199044
487.000000 0.575005
488.000000 -0.711117
489.000000 -1.153910
490.000000 -0.576962
491.000000 1.985354
492.000000 -0.604973
493.000000 -0.206952
494.000000 -1.990486
495.000000 -0.181839
496.000000 1.334087
497.000000 0.431711
498.000000 0.868483
499.000000 1.217007
500.000000 0.796883
501.000000 -0.051330
502.000000 -0.779628
503.000000 0.049816
504.000000 -0.201377
505.000000 1.345721
506.000000 -0.838839
507.000000 1.830317
508.000000 1.454475
509.000000 0.710560
510.000000 -2.320124
511.000000 0.409884
512.000000 0.362415
513.000000 1.543741
514.000000 0.305041
515.000000 0.696775
516.000000 0.202875
517.000000 1.268092
518.000000 0.084426
519.000000 -1.294822
520.000000 -1.057213
521.000000 -0.569695
522.000000 0.200436
523.000000 1.295859
524.000000 0.407911
525.000000 0.893132
526.000000 0.298704
527.000000 0.236655
528.000000 0.520966
529.000000 0.335209
530.000000 -0.879912
531.000000 0.801706
532.000000 1.408144
533.000000 0.988412
534.000000 -1.929071
535.000000 -1.250063
536.000000 0.384376
537.000000 0.605130
538.000000 1.956701
539.000000 -1.157804
540.000000 0.963407
541.000000 -2.206085
542.000000 -1.413216
543.000000 1.482523
544.000000 1.772658
545.000000 0.271735
546.000000 1.319394
547.000000 -1.307282
548.000000 -1.272287
549.000000 -0.309084
550.000000 1.668216
551.000000 -0.448132
552.000000 0.455243
553.000000 0.608992
554.000000 -0.136405
555.000000 0.355032
556.000000 -0.236345
557.000000 0.214753
558.000000 -0.209772
559.000000 1.354178
560.000000 0.110203
561.000000 1.257011
562.000000 0.617927
563.000000 -1.596638
564.000000 0.299693
565.000000 0.972278
566.000000 0.778288
567.000000 0.279925
568.000000 -1.820268
569.000000 -1.083239
570.000000 -1.234038
571.000000 -0.658275
572.000000 0.075472
573.000000 0.749028
574.000000 0.674810
575.000000 0.280194
576.000000 -2.661167
577.000000 0.070639
578.000000 -1.068991
579.000000 -0.473199
580.000000 -0.248094
581.000000 0.776317
582.000000 -0.584145
583.000000 1.848402
584.000000 0.997773
585.000000 -1.476732
586.000000 -1.026311
587.000000 -1.796450
588.000000 0.947780
589.000000 0.416885
590.000000 -1.242939
591.000000 0.399545
592.000000 -0.169240
593.000000 0.073257
594.000000 -0.585721
595.000000 0.257410
596.000000 1.382079
597.000000 1.064553
598.000000 0.445881
599.000000 0.559753
600.000000 0.204436
601.000000 -0.225905
602.000000 1.905606
603.000000 0.842903
604.000000 -1.210406
605.000000 -1.910970
606.000000 0.267534
607.000000 0.076279
608.000000 -1.624615
609.000000 -0.557500
610.000000 -0.190912
611.000000 -0.017037
612.000000 -0.729263
613.000000 -0.718466
614.000000 -1.056277
615.000000 -0.868732
616.000000 -1.076814
617.000000 0.312727
618.000000 1.949881
619.000000 0.042371
620.000000 0.755616
621.000000 1.530865
622.000000 0.089044
623.000000 0.585853
624.000000 0.489242
625.000000 1.452712
626.000000 1.930956
627.000000 -0.685597
628.000000 2.219052
629.000000 -0.287354
630.000000 -0.559688
631.000000 0.049751
632.000000 1.555435
633.000000 -0.048295
634.000000 1.214578
635.000000 0.382082
636.000000 0.806773
637.000000 0.597828
638.000000 0.381009
639.000000 0.817301
640.000000 0.131530
641.000000 1.443523
642.000000 0.549662
643.000000 -0.865093
644.000000 -0.124885
645.000000 1.258207
646.000000 -1.472806
647.000000 -2.316399
648.000000 1.649858
649.000000 1.090694
650.000000 -0.012777
651.000000 -0.505558
652.000000 0.343101
653.000000 1.145662
654.000000 0.684623
655.000000 -0.573014
656.000000 0.227317
657.000000 0.400506
658.000000 -0.586481
659.000000 -0.332199
660.000000 2.712549
661.000000 2.789891
662.000000 -0.839584
663.000000 -0.868374
664.000000 0.055773
665.000000 1.161348
666.000000 0.864347
667.000000 -0.395938
668.000000 0.118722
669.000000 -1.344488
670.000000 -0.441869
671.000000 0.289801
672.000000 0.382766
673.000000 -2.064892
674.000000 -0.460902
675.000000 -0.820415
676.000000 -0.178746
677.000000 -1.283424
678.000000 -1.235243
679.000000 -0.825495
680.000000 1.418882
681.000000 0.177686
682.000000 -0.323887
683.000000 0.472805
684.000000 1.675614
685.000000 -1.663603
686.000000 0.457335
687.000000 0.169010
688.000000 -0.544867
689.000000 -0.719795
690.000000 -0.189059
691.000000 1.001460
692.000000 0.268564
693.000000 1.290811
694.000000 -0.303764
695.000000 0.477607
696.000000 -0.467268
697.000000 0.270170
698.000000 -0.348651
699.000000 -0.196909
700.000000 0.313721
701.000000 1.973632
702.000000 2.641528
703.000000 -0.986225
704.000000 -0.469213
705.000000 1.063647
706.000000 -1.797884
707.000000 0.074747
708.000000 0.337321
709.000000 0.929911
710.000000 0.168890
711.000000 -1.075118
712.000000 -0.396603
713.000000 0.831774
714.000000 0.437203
715.000000 -0.587561
716.000000 -0.489680
717.000000 1.399160
718.000000 -0.467830
719.000000 -0.750629
720.000000 0.896052
721.000000 0.290765
722.000000 0.315345
723.000000 -1.017337
724.000000 0.242503
725.000000 0.491965
726.000000 1.413199
727.000000 -0.958051
728.000000 -0.370754
729.000000 -1.653748
730.000000 -0.848960
731.000000 -0.053608
732.000000 -1.309261
733.000000 -0.456163
734.000000 0.197999
735.000000 1.953207
736.000000 0.380872
737.000000 -0.197205
738.000000 0.499874
739.000000 0.822714
740.000000 -0.941420
741.000000 -0.287618
742.000000 -1.629262
743.000000 0.468479
744.000000 -1.719657
745.000000 0.194836
746.000000 0.093810
747.000000 0.855852
748.000000 -0.097668
749.000000 1.692397
750.000000 0.290867
751.000000 0.586806
752.000000 0.221918
753.000000 3.149833
754.000000 -0.101483
755.000000 1.134916
756.000000 -0.778283
757.000000 -2.020169
758.000000 -1.088638
759.000000 1.703135
760.000000 -0.265971
761.000000 -0.079783
762.000000 -1.816705
763.000000 0.330156
764.000000 -1.057192
765.000000 -0.734774
766.000000 -0.392329
767.000000 0.675974
768.000000 -1.148228
769.000000 0.832548
770.000000 -1.143062
771.000000 0.728321
772.000000 -1.164406
773.000000 0.374940
774.000000 -0.442547
775.000000 -1.041811
776.000000 -0.297610
777.000000 1.118417
778.000000 -0.354377
779.000000 1.110903
780.000000 2.495757
781.000000 0.442324
782.000000 -0.971921
783.000000 -0.890389
784.000000 -0.858820
785.000000 -1.332683
786.000000 2.801588
787.000000 -1.070668
788.000000 -2.325743
789.000000 0.641355
790.000000 -0.992027
791.000000 0.248550
792.000000 0.866191
793.000000 -0.048300
794.000000 -0.807697
795.000000 2.387612
796.000000 -0.259503
797.000000 0.297985
798.000000 -0.588784
799.000000 0.914321
800.000000 -0.532531
801.000000 1.886107
802.000000 -1.600178
803.000000 -0.129658
804.000000 -2.513787
805.000000 -2.976284
806.000000 1.625033
807.000000 -1.040168
808.000000 -0.375785
809.000000 1.356890
810.000000 0.307913
811.000000 -1.058999
812.000000 -1.123083
813.000000 -2.516352
814.000000 0.122979
815.000000 2.476860
816.000000 -0.469320
817.000000 0.760026
818.000000 0.350432
819.000000 1.369115
820.000000 2.168890
821.000000 -1.061120
822.000000 1.603269
823.000000 0.075584
824.000000 -0.229163
825.000000 -1.958784
826.000000 -0.934993
827.000000 0.785554
828.000000 -0.639632
829.000000 0.135436
830.000000 -0.251970
831.000000 1.216780
832.000000 -0.014870
833.000000 1.032728
834.000000 0.650826
835.000000 0.895001
836.000000 2.992595
837.000000 0.117143
838.000000 1.281595
839.000000 -0.981768
840.000000 0.250609
841.000000 0.554418
842.000000 0.058768
843.000000 0.947731
844.000000 -1.705039
845.000000 1.142297
846.000000 0.290208
847.000000 -0.084148
848.000000 -0.583866
849.000000 0.302762
850.000000 -0.769863
851.000000 -0.846334
852.000000 0.043249
853.000000 0.443947
854.000000 -0.035555
855.000000 0.989938
856.000000 -0.050926
857.000000 1.146556
858.000000 1.615212
859.000000 -0.416393
860.000000 0.230267
861.000000 0.445698
862.000000 0.595442
863.000000 -0.138263
864.000000 -0.391909
865.000000 0.959472
866.000000 -0.126162
867.000000 0.010723
868.000000 1.972681
869.000000 0.368678
870.000000 0.018061
871.000000 1.741681
872.000000 -0.480345
873.000000 2.162485
874.000000 -0.841914
875.000000 -1.259246
876.000000 -0.127114
877.000000 1.141110
878.000000 0.024799
879.000000 -0.091471
880.000000 -0.400417
881.000000 0.616366
882.000000 -0.322062
883.000000 -1.331154
884.000000 0.584665
885.000000 -1.169123
886.000000 -0.309881
887.000000 -0.759520
888.000000 0.770675
889.000000 -1.065014
890.000000 -1.415950
891.000000 1.311598
892.000000 -1.376003
893.000000 -1.261760
894.000000 0.183391
895.000000 0.089273
896.000000 -0.754373
897.000000 -0.390516
898.000000 -0.556232
899.000000 -0.592532
900.000000 0.672638
901.000000 -0.139073
902.000000 -1.688445
903.000000 -1.268623
904.000000 -0.488899
905.000000 2.720035
906.000000 -0.459401
907.000000 1.671673
908.000000 -0.086404
909.000000 -0.945567
910.000000 -0.485062
911.000000 -0.038133
912.000000 0.567059
913.000000 0.548193
914.000000 -0.495321
915.000000 0.730504
916.000000 -1.849592
917.000000 -0.575734
918.000000 -0.513747
919.000000 0.619399
920.000000 -1.306991
921.000000 0.012857
922.000000 -0.206381
923.000000 -1.661359
924.000000 -1.463306
925.000000 0.141475
926.000000 -1.643465
927.000000 1.065861
928.000000 -1.482059
929.000000 0.793696
930.000000 -0.333757
931.000000 1.298805
932.000000 1.413433
933.000000 0.054992
934.000000 0.224459
935.000000 0.173633
936.000000 0.502995
937.000000 -0.496624
938.000000 0.693514
939.000000 -0.970505
940.000000 0.350246
941.000000 0.136440
942.000000 0.532352
943.000000 0.798111
944.000000 -0.646124
945.000000 1.455680
946.000000 -1.070809
947.000000 0.502478
948.000000 0.095670
949.000000 -3.246106
950.000000 -0.152975
951.000000 0.834406
952.000000 0.396514
953.000000 1.454087
954.000000 -0.266622
955.000000 -0.204380
956.000000 -0.720714
957.000000 -0.483384
958.000000 -0.422906
959.000000 -0.071659
960.000000 0.603387
961.000000 -0.487770
962.000000 -0.804194
963.000000 -1.581773
964.000000 0.270321
965.000000 -0.427172
966.000000 -1.281102
967.000000 -0.010827
968.000000 1.221475
969.000000 -0.659433
970.000000 -0.246350
971.000000 0.889393
972.000000 -1.275427
973.000000 1.057747
974.000000 -1.100393
975.000000 0.248164
976.000000 0.289416
977.000000 0.302955
978.000000 0.979857
979.000000 -0.087370
980.000000 0.275540
981.000000 -0.450965
982.000000 0.613121
983.000000 -0.430336
984.000000 0.002775
985.000000 0.029083
986.000000 0.879678
987.000000 -0.405445
988.000000 1.015733
989.000000 0.834643
990.000000 0.365488
991.000000 -0.823987
992.000000 1.580414
993.000000 0.622039
994.000000 -0.919621
995.000000 -0.016648
996.000000 -0.937241
997.000000 1.463954
998.000000 1.001502
999.000000 0.734607
1000.000000 -0.860224
1001.000000 -0.537209
1002.000000 0.030105
1003.000000 -0.330856
1004.000000 0.867619
1005.000000 0.239948
1006.000000 -0.336326
1007.000000 0.480527
1008.000000 0.670485
1009.000000 0.030775
1010.000000 -2.386056
1011.000000 2.391346
1012.000000 -1.212551
1013.000000 1.972325
1014.000000 0.197569
1015.000000 -0.800006
1016.000000 -2.043489
1017.000000 -0.672669
1018.000000 0.132594
1019.000000 -0.766454
1020.000000 -1.108494
1021.000000 0.555256
1022.000000 1.046790
1023.000000 -0.943569
